60523360 
452284392 
471360341 
688103324 
890511616 
684832747 
836279182 
806938986 
9780974125299 
718121716 
201528096 
671475479 
486204928 
273084313 
716760053 
521779170 
306473496 
470843640 
387255664 
9781420079531 
9781420079548 
9781420079555 
9781420079562 
849319404 
849321220 
691112975 
9054106247 
471104868 
137222572 
791803732 
9028603441 
471593990 
314632611 
387972781 
471592749 
471622818 
133170578 
961809027 
471579726 
898616103793400 
80261612 
521071151 
80437192 
80437206 
195055292 
137199724 
884157903 
135313856 
827340818 
138021902 
80280498 
724804765 
849380111 
201498510 
471599646 
70657564 
8787355078 
849394015 
138561133 
871707098 
1615030018 
316343420 
395428572 
89503171 
687339219 
696217295 
47133328 
8986161133 
577550187 
ISSN : 17450039
978906769123 
4526001503 
671440632 
895030071 
281042551 
792311248 
691080976 
8986161249 
671248022 
898405233X
387255656 
387255648 
471332356 
849324793 
130869279 
521009243 
393020231 
853122733 
122947606 
824799771 
133014584 
521431085 
716711869 
877627037 
486409279 
471129577 
30060494 
201581930 
316281298 
9789810229634 
486253465 
824785797 
23269006 
23571616 
387514678 
387198687 
824779215 
201308681 
444891129 
130895687 
1851664637 
871504707 
471558915 
471127426 
70022341 
47178494 
1 901537 10 2
1 901537 11 0
1 901537 14 5
521643147 
201066726 
412084317 
412084317 
716721139 
444823492 
412468301 
395170885 
905451147 
521266076 
70799849 
047106470x
881750786 
412084317 
792321928 
139508414 
470989432 
139416420 
139517731 
139145494 
262100347 
70167001 
863800858 
201180715 
673980529 
134615743 
470828307 
471401986 
534951627 
70378460 
442230192 
853346429 
444705236 
137093942 
871706067 
792321138 
70657300 
9028600477 
3540117857 
891165509 
340056509 
444988939 
133749509 
471856010 
078034412X
309090504 
039532131x
943451256 
943451256 
393033562 
471099961 
issn: 00118532
80183085 
80183085 
1563962942 
471994057 
71126031 
1881018962 
750691115 
71122818 
830631372 
582414989 
084933702X
471012149 
316738522 
135790468 
521303303 
306812835 
471133167 
137444834 
124497020 
216931770 
309065569 
486221342 
465046754 
716723417 
792327888 
226282473 
07085100X
716787326 
618246983 
810992388 
806986646 
387983198 
60916613 
9780760788912 
262140144 
8972822728 
471924261 
133189570 
716721880 
824759214 
872017869 
854048960 
854048960 
1588830438 
1588830446 
1588830454 
1588830462 
1588830470 
1588830489 
1588830497 
1588830500 
1588830519 
1588830527 
123709008 
465051545 
28009436 
939773015 
133270165 
471774405 
13904079X
13307496X
442220839 
828401314 
9780716720935 
312381859 
262560445 
312083432 
387287051 
80343414 
80343414 
80343414 
80343414 
80343414 
80343414 
444425241 
444881182 
444872868 
444428011 
444429921 
044487285x
70711151 
007093343x
470235276 
486653757 
471617229 
486631664 
71149309 
471551570 
3540150021 
130815349 
444824464 
70285942 
471586447 
471372994 
130269565 
132070286 
387903143 
132738635 
201180707 
387900306 
471540005 
130615242 
444884084 
444884084 
412495201 
849388309 
123097509 
121678806 
912053054 
912053232 
877622884 
408707895 
792321863 
803104367 
80362125 
136602428 
70234515 
849393027 
471502901 
471280569 
24283908 
387163662 
471830437 
471838543 
354007600X
471813656 
70086935 
912053011 
853123462 
792315049 
70152187 
0 8247 7864 4
0 915760 01 0
0 12 445763 0
1 56032 712 X
0 87762 923 4
0 13 031279 7
387975209 
905451767 
133170578 
387307362 
70076715 
471063363 
791803090 
201406926 
534915949 
02638231
97804070040706 
9780080552958 
9780080552965 
9780080552972 
9780080552989 
9780080552996 
9780080553009 
8985308491 
051727924x
8972822701 
0387947957
1556151047 
878915222 
802801633 
﻿60523360 
452284392 
471360341 
688103324 
890511616 
684832747 
836279182 
806938986 
9780974125299 
718121716 
201528096 
671475479 
486204928 
273084313 
716760053 
521779170 
470843640 
387255664 
9781420079531 
9781420079548 
9781420079555 
9781420079562 
849319404 
849321220 
691112975 
9054106247 
471104868 
137222572 
791803732 
9028603441 
471593990 
314632611 
387972781 
471592749 
471622818 
133170578 
961809027 
471579726 
898616103793400 
80261612 
521071151 
80437192 
80437206 
195055292 
137199724 
884157903 
135313856 
827340818 
138021902 
80280498 
724804765 
849380111 
201498510 
471599646 
70657564 
8787355078 
849394015 
138561133 
871707098 
1615030018 
316343420 
395428572 
89503171 
687339219 
696217295 
47133328 
8986161133 
577550187 
ISSN : 17450039
978906769123 
4526001503 
671440632 
895030071 
281042551 
792311248 
691080976 
8986161249 
671248022 
898405233X
387255656 
387255648 
471332356 
849324793 
130869279 
521009243 
393020231 
853122733 
122947606 
824799771 
133014584 
521431085 
716711869 
877627037 
486409279 
471129577 
30060494 
201581930 
316281298 
9789810229634 
486253465 
824785797 
23269006 
23571616 
387514678 
387198687 
824779215 
201308681 
444891129 
130895687 
1851664637 
871504707 
471558915 
471127426 
70022341 
47178494 
1 901537 10 2
1 901537 11 0
1 901537 14 5
521643147 
201066726 
412084317 
412084317 
716721139 
444823492 
412468301 
395170885 
905451147 
521266076 
70799849 
047106470x
881750786 
412084317 
792321928 
139508414 
470989432 
139416420 
139517731 
139145494 
262100347 
70167001 
863800858 
201180715 
673980529 
134615743 
470828307 
471401986 
534951627 
70378460 
442230192 
853346429 
444705236 
137093942 
871706067 
792321138 
70657300 
9028600477 
3540117857 
891165509 
340056509 
444988939 
133749509 
471856010 
078034412X
309090504 
039532131x
943451256 
943451256 
393033562 
471099961 
issn: 00118532
80183085 
80183085 
1563962942 
471994057 
71126031 
1881018962 
750691115 
71122818 
830631372 
582414989 
084933702X
471012149 
316738522 
135790468 
521303303 
306812835 
471133167 
137444834 
124497020 
216931770 
309065569 
486221342 
465046754 
716723417 
792327888 
226282473 
07085100X
716787326 
618246983 
810992388 
806986646 
387983198 
60916613 
9780760788912 
262140144 
8972822728 
471924261 
133189570 
716721880 
824759214 
872017869 
854048960 
854048960 
1588830438 
1588830446 
1588830454 
1588830462 
1588830470 
1588830489 
1588830497 
1588830500 
1588830519 
1588830527 
123709008 
465051545 
28009436 
939773015 
133270165 
471774405 
13904079X
13307496X
442220839 
828401314 
9780716720935 
312381859 
262560445 
312083432 
387287051 
80343414 
80343414 
80343414 
80343414 
80343414 
80343414 
444425241 
444881182 
444872868 
444428011 
444429921 
044487285x
70711151 
007093343x
470235276 
486653757 
471617229 
486631664 
71149309 
471551570 
3540150021 
130815349 
444824464 
70285942 
471586447 
471372994 
130269565 
132070286 
387903143 
132738635 
201180707 
387900306 
471540005 
130615242 
444884084 
444884084 
412495201 
849388309 
123097509 
121678806 
912053054 
912053232 
877622884 
408707895 
792321863 
803104367 
80362125 
136602428 
70234515 
849393027 
471502901 
471280569 
24283908 
387163662 
471830437 
471838543 
354007600X
471813656 
70086935 
912053011 
853123462 
792315049 
70152187 
0 8247 7864 4
0 915760 01 0
0 12 445763 0
1 56032 712 X
0 87762 923 4
0 13 031279 7
387975209 
905451767 
133170578 
387307362 
70076715 
471063363 
791803090 
201406926 
534915949 
02638231
97804070040706 
9780080552958 
9780080552965 
9780080552972 
9780080552989 
9780080552996 
9780080553009 
8985308491 
051727924x
8972822701 
0387947957
1556151047 
878915222 
802801633 
