60523360 
9788974254551 
452284392 
8934901470 
8941102294 

8945030425 

8956673314 
8984450111 
471360341 
8972822469 
688103324 
2003562000578 
1573920967 
8985901370 
8934904879 
890511616 
8989103428 
5000097445 
9780198539568 
8974421496 
684832747 
8972822477 
8975486192 

836279182 
806938986 
8974421356 
9780974125299 
8950403080 
718121716 
201528096 
671475479 
8972823392 
9788992885508 
486204928 
273084313 
716760053 
067163514X

521779170 
306473496 
9780124159952 
470843640 
387255664 
9781420079531 
9781420079548 
9781420079555 
9781420079562 
9780125824613 
849319404 
3540669361 
849321220 
691112975 
9780716798569 
9780805365856 
 047197059X
9054106247 
1851662960 

471104868 
137222572 
9627128066 
9781402086533 
007292229X
9780080444970 
791803732 
9028603441 
9780582017122 
9028608907 
471593990 
9780534957414 
9780130324726 
9024737702 
9781614706151 

314632611 
9780071126199 
387972781 

9789814322164 
471592749 
471622818 
133170578 
961809027 
471579726 
898616103793400 
80261612 
521071151 
80437192 
80437206 
082478152X
013280512X
195055292 

007120329X
137199724 
884157903 
135313856 
827340818 
053438014X
138021902 
80280498 
724804765 
849380111 
9780470519264 
9780071263412 
201498510 
013143358X
471599646 

70657564 

9780444825148 
9780444825148 
354043416X
8787355078 
849394015 


138561133 

8988819098 
898881908X
8988819063 
8988819128 
8988819047 
8988819012 
8988819071 
8988819039 
8988819101 

9781560919032 
9781615030057 
9780965700184 
871707098 
1615030018 
9780810970854 
316343420 
8972911135 
395428572 
8974580365 

8970467866 
8971414502 
8970888160 
8970740333 
9780696217302 
8995425350 

89503171 

687339219 
696217295 

9780849391385 
8970882219 
47133328 
8940801229 

8973932810 
9788992843478 
8971291443 
8986161133 

577550187 
ISSN : 17450039
978906769123 
4526001503 
671440632 
895030071 
281042551 

9781576753446 
1588341097 
792311248 


9028605800 
047193884X
1585421952 
691080976 
8972750735 

8988825934 





8986865165 
8974421275 
8986161249 
8981330115 
8971961821 

8974820390 
8976161513 
9788925535098 
671248022 
898405233X
038725563X
387255656 
387255648 
471332356 


849324793 
130869279 
521009243 
393020231 
853122733 
122947606 
824799771 
133014584 
521431085 
052143064X
716711869 
877627037 

486409279 
1584882913 
471129577 
30060494 
201581930 
8956760144 


316281298 

9780471485377 
9789810225469 
9789810229634 


9783540643784 
047152185X
030908623X

486253465 
824785797 
23269006 
23571616 
387514678 
047170055X
9780444521941 
9780444521941 
9780444521941 
3211360646 
387198687 
824779215 
201308681 
444891129 
130895687 
1851664637 
871504707 
087170739X
471558915 
471127426 
9058092453 
70022341 
47178494 
3540205993 
082478152X








1 901537 10 2
1 901537 11 0
1 901537 14 5
9780201515022 
521643147 
201066726 
412084317 
6100071006261 
412084317 
069108162X
716721139 
444823492 
412468301 

395170885 
905451147 
9780534955328 
9780029461372 
1555582184 
521266076 
70799849 
047106470x
881750786 
412084317 
792321928 




139508414 
470989432 

139416420 

139517731 
139145494 
262100347 
70167001 

8986161109 

863800858 
201180715 
673980529 
134615743 
470828307 



471401986 
9780201567175 
534951627 
3527304401 
9780387945149 




1853125350 

70378460 


442230192 
047158262X
9780123975904 
013171497X
853346429 
1853127450 
444705236 

137093942 
871706067 

792321138 
70657300 
9028600477 
3540117857 
891165509 
340056509 
444988939 
133749509 











471856010 
9788993543087 
9788993668025 


078034412X
309090504 




039532131x
8900006088 

8975487830 

943451256 
943451256 
393033562 
471099961 
issn: 00118532

80183085 
8986932067 

80183085 
1563962942 


156690160X



471994057 
9780123746399 
71126031 
9780679776314 
1881018962 
750691115 
71122818 
830631372 
582414989 
899570702X
084933702X
471012149 
316738522 
135790468 
521303303 
9810226209 
9028602089 
306812835 
471133167 
137444834 
156032712X
124497020 
9783527318605 
216931770 
309065569 
486221342 
465046754 
716723417 
030907309X
792327888 
9781444318340 
9780470258439 
007017539X
9780123746399 
9024730996

8974580365

226282473 

9788975946080 
9788970901046 
8985509888 
8980103034 
894290890X
8938600521 
9780060517120 
9788957091326 
9780687642458 
9788942603169 
9780743296205 

07085100X

9780465002177 
716787326 
038797993X
618246983 
1579122361 
9780387947914 
9780471525134 
8955262051 
810992388 
806986646 
387983198 
60916613 
9780760788912 
8988042212 

8955610653 
9788993354133 
8989269261 
262140144 
8972822728 
8958320354 
471924261 
9780394402291 
8970431594 
9788947521802 
133189570 
716721880 
9781420081770 
824759214 
872017869 
854048960 
854048960 
1402077203 
1588830438 
1588830446 
1588830454 
1588830462 
1588830470 
1588830489 
1588830497 
1588830500 
1588830519 
1588830527 

123709008 
465051545 



1889119083 
28009436 
087263177X
939773015 






























133270165 
9780534170943 

9780387095103 
471774405 
13904079X
13307496X

442220839 


828401314 
9780716720935 
312381859 

8973271202 
262560445 

9780309082914 
312083432 

9780385052757 
9788938402998 
9788987318363 
9780387952697 
3527306587 
1402017529 
9781439860151 
038728706X
387287051 
80343414 
80343414 
80343414 
80343414 
80343414 
80343414 
444425241 
444881182 
444872868 
444428011 
444429921 
044487285x
9781603273183 

70711151 

007093343x
470235276 




9781402017599 
9780132613712 
9780412441608 
9024730996 
9780534043568 






9780226282565 
486653757 

9780071410151 

9780387983813 
471617229 

9780201567175 
486631664 

9783540014386 
71149309 
471551570 

3540150021 
130815349 
444824464 
70285942 
471586447 
471372994 
0750690089|
130269565 
132070286 

387903143 
132738635 
201180707 
387900306 
9780131197107 
471540005 

130615242 
9812387358 
444884084 
444884084 
9780130324726 
048642880X
412495201 

849388309 
123097509 
121678806 
9780470481813 
9780073659350 
9780471502845 
912053054 
912053232 
877622884 
408707895 
792321863 
803104367 
80362125 
9024734282 
136602428 
70234515 
849393027 
471502901 
471280569 
24283908 

387163662 
471830437 
471838543 
354007600X
471813656 
70086935 
1584882220 
912053011 
853123462 
792315049 
70152187 
0 8247 7864 4
0 915760 01 0
0 12 445763 0
1 56032 712 X
0 87762 923 4
0 13 031279 7

387975209 
905451767 
133170578 
9780201092868 
387307362 

1842650084 
70076715 
9789812790187 
471063363 



791803090 
9054103353 
9054103345 
9789812790163 
201406926 
1560321040 
534915949 
02638231
9780470040669 
9780470040676 
9780470040683 
9780470040690 
97804070040706 
9780080552958 
9780080552965 
9780080552972 
9780080552989 
9780080552996 
9780080553009 
8978801064 
9784534029522 
8985308491 
051727924x
8972822701 
8955261837 
2002468001726 
8910512156 

9780070342514 
9788970505893 
0387947957
8956160457 


8970881352 
1556151047 

8956672806 



878915222 
802801633 
